MEME version 4

ALPHABET= ACGT

strands: + -

Background letter frequencies
A 0.25 C 0.25 G 0.25 T 0.25

MOTIF TN5_8
letter-probability matrix: alength= 4 w= 30 nsites= 200
0.243115 0.267806 0.266857 0.222222
0.244065 0.260209 0.207028 0.288699
0.232669 0.300095 0.202279 0.264957
0.174739 0.345679 0.188034 0.291548
0.224122 0.215575 0.221273 0.339031
0.264008 0.109212 0.533713 0.093067
0.195632 0.432099 0.250712 0.121557
0.405508 0.190883 0.189934 0.213675
0.027540 0.867047 0.057930 0.047483
0.603039 0.018993 0.063628 0.314340
0.021842 0.086420 0.889839 0.001899
0.112061 0.207028 0.149098 0.531814
0.149098 0.472934 0.235518 0.142450
0.062678 0.449193 0.041785 0.446344
0.476733 0.076923 0.304843 0.141500
0.225071 0.147198 0.479582 0.148148
0.378917 0.159544 0.318139 0.143400
0.123457 0.563153 0.165242 0.148148
0.209877 0.219373 0.143400 0.427350
0.262108 0.115859 0.555556 0.066477
0.138651 0.218424 0.396961 0.245964
0.262108 0.258310 0.254511 0.225071
0.035138 0.735992 0.105413 0.123457
0.296296 0.150047 0.074074 0.479582
0.182336 0.122507 0.628680 0.066477
0.246914 0.228870 0.262108 0.262108
0.227920 0.224122 0.347578 0.200380
0.105413 0.440646 0.197531 0.256410
0.303894 0.200380 0.188984 0.306743
0.226021 0.210826 0.366572 0.196581

MOTIF TN5_7
letter-probability matrix: alength= 4 w= 30 nsites= 200
0.168719 0.400246 0.189655 0.241379
0.312808 0.152709 0.195813 0.338670
0.240764 0.196429 0.438424 0.124384
0.229680 0.307882 0.241379 0.221059
0.223522 0.290025 0.269089 0.217365
0.099754 0.573276 0.165640 0.161330
0.341749 0.147167 0.110837 0.400246
0.195813 0.100985 0.633621 0.069581
0.141010 0.432266 0.186576 0.240148
0.365764 0.205049 0.216749 0.212438
0.031404 0.724138 0.180419 0.064039
0.214286 0.201970 0.060961 0.522783
0.203818 0.277094 0.364532 0.154557
0.083128 0.419951 0.079433 0.417488
0.400862 0.113300 0.169335 0.316502
0.217365 0.142857 0.532020 0.107759
0.314039 0.243842 0.270936 0.171182
0.421798 0.131773 0.354680 0.091749
0.012315 0.888547 0.063424 0.035714
0.402094 0.062192 0.039409 0.496305
0.049877 0.086823 0.831897 0.031404
0.179187 0.214286 0.183498 0.423030
0.149631 0.254310 0.400862 0.195197
0.083128 0.584975 0.118842 0.213054
0.333128 0.238300 0.169335 0.259236
0.251847 0.184113 0.365148 0.198892
0.301108 0.200123 0.267241 0.231527
0.279557 0.213054 0.286330 0.221059
0.186576 0.299261 0.255542 0.258621
0.273399 0.259236 0.185961 0.281404

MOTIF TN5_6
letter-probability matrix: alength= 4 w= 50 nsites= 200
0.500250 0.083625 0.285428 0.130696
0.141713 0.110666 0.591888 0.155734
0.107161 0.105658 0.096144 0.691037
0.086630 0.602904 0.123185 0.187281
0.098648 0.135704 0.072108 0.693540
0.115674 0.451678 0.123686 0.308963
0.329494 0.138207 0.411617 0.120681
0.087631 0.655483 0.113671 0.143215
0.139710 0.138207 0.100150 0.621933
0.052078 0.695543 0.106159 0.146219
0.076615 0.089134 0.057586 0.776665
0.100651 0.104156 0.698047 0.097146
0.045068 0.085128 0.067101 0.802704
0.086630 0.515273 0.130696 0.267401
0.359539 0.071107 0.526790 0.042564
0.071107 0.750125 0.087131 0.091637
0.135203 0.650976 0.095143 0.118678
0.017526 0.898848 0.027041 0.056585
0.898348 0.003505 0.032048 0.066099
0.008513 0.008012 0.981472 0.002003
0.060090 0.076114 0.748122 0.115674
0.068102 0.785679 0.097146 0.049074
0.018027 0.042564 0.029544 0.909865
0.269905 0.031047 0.657987 0.041062
0.055083 0.064597 0.830245 0.050075
0.814722 0.031047 0.099649 0.054582
0.079619 0.057586 0.840761 0.022033
0.041062 0.067101 0.095643 0.796194
0.196294 0.073610 0.668002 0.062093
0.068102 0.727091 0.076114 0.128693
0.779169 0.039059 0.077616 0.104156
0.097646 0.056084 0.803205 0.043065
0.075613 0.102153 0.090636 0.731597
0.124186 0.065598 0.760140 0.050075
0.113170 0.096645 0.697046 0.093140
0.096144 0.438157 0.087631 0.378067
0.257386 0.109664 0.540310 0.092639
0.120180 0.460691 0.092138 0.326990
0.279920 0.110165 0.510766 0.099149
0.674512 0.092138 0.126189 0.107161
0.126189 0.100150 0.089134 0.684527
0.091137 0.675013 0.106159 0.127692
0.233350 0.099649 0.096645 0.570356
0.107161 0.458688 0.126690 0.307461
0.297446 0.116174 0.461693 0.124687
0.125689 0.115674 0.640961 0.117677
0.100150 0.673510 0.097646 0.128693
0.102153 0.111668 0.084126 0.702053
0.115173 0.650976 0.095643 0.138207
0.672509 0.116675 0.104657 0.106159

MOTIF TN5_5
letter-probability matrix: alength= 4 w= 30 nsites= 200
0.257789 0.246487 0.241906 0.253818
0.258094 0.210751 0.221442 0.309713
0.252596 0.242211 0.252596 0.252596
0.233354 0.259927 0.202505 0.304215
0.248626 0.221442 0.218693 0.311240
0.234575 0.234881 0.357972 0.172572
0.220525 0.302077 0.237324 0.240073
0.336897 0.139890 0.412034 0.111179
0.056200 0.700061 0.124007 0.119731
0.525046 0.058338 0.085828 0.330788
0.045510 0.277947 0.661271 0.015272
0.174404 0.047954 0.106597 0.671045
0.196701 0.096213 0.696701 0.010385
0.006414 0.024435 0.017410 0.951741
0.717166 0.081552 0.152718 0.048564
0.066891 0.348198 0.183568 0.401344
0.621258 0.043372 0.197007 0.138363
0.222969 0.098962 0.584911 0.093158
0.155773 0.290776 0.365608 0.187844
0.335064 0.186011 0.218693 0.260232
0.129200 0.333842 0.366830 0.170128
0.284362 0.171655 0.171961 0.372022
0.164936 0.182040 0.493586 0.159438
0.200977 0.293830 0.244044 0.261148
0.249542 0.270617 0.310935 0.168907
0.211362 0.310935 0.234270 0.243433
0.285278 0.227550 0.228772 0.258400
0.285278 0.205559 0.238546 0.270617
0.271839 0.192731 0.236714 0.298717
0.266341 0.185095 0.245266 0.303299

MOTIF TN5_4
letter-probability matrix: alength= 4 w= 30 nsites= 200
0.257789 0.246487 0.241906 0.253818
0.258094 0.210751 0.221442 0.309713
0.252596 0.242211 0.252596 0.252596
0.233354 0.259927 0.202505 0.304215
0.248626 0.221442 0.218693 0.311240
0.234575 0.234881 0.357972 0.172572
0.220525 0.302077 0.237324 0.240073
0.336897 0.139890 0.412034 0.111179
0.056200 0.700061 0.124007 0.119731
0.525046 0.058338 0.085828 0.330788
0.045510 0.277947 0.661271 0.015272
0.174404 0.047954 0.106597 0.671045
0.196701 0.096213 0.696701 0.010385
0.006414 0.024435 0.017410 0.951741
0.717166 0.081552 0.152718 0.048564
0.066891 0.348198 0.183568 0.401344
0.621258 0.043372 0.197007 0.138363
0.222969 0.098962 0.584911 0.093158
0.155773 0.290776 0.365608 0.187844
0.335064 0.186011 0.218693 0.260232
0.129200 0.333842 0.366830 0.170128
0.284362 0.171655 0.171961 0.372022
0.164936 0.182040 0.493586 0.159438
0.200977 0.293830 0.244044 0.261148
0.249542 0.270617 0.310935 0.168907
0.211362 0.310935 0.234270 0.243433
0.285278 0.227550 0.228772 0.258400
0.285278 0.205559 0.238546 0.270617
0.271839 0.192731 0.236714 0.298717
0.266341 0.185095 0.245266 0.303299

MOTIF TN5_3
letter-probability matrix: alength= 4 w= 30 nsites= 200
0.286743 0.218056 0.218356 0.276845
0.263647 0.268746 0.227654 0.239952
0.248050 0.260348 0.196461 0.295141
0.260348 0.251050 0.202460 0.286143
0.195561 0.295441 0.210858 0.298140
0.180864 0.248950 0.195861 0.374325
0.251650 0.128074 0.532693 0.087582
0.133473 0.529094 0.226755 0.110678
0.477205 0.141272 0.206959 0.174565
0.026095 0.831434 0.088782 0.053689
0.480204 0.128374 0.071086 0.320336
0.131974 0.801140 0.038092 0.028794
0.087582 0.261248 0.034493 0.616677
0.177864 0.522496 0.190462 0.109178
0.024295 0.260348 0.009298 0.706059
0.645771 0.056989 0.084883 0.212358
0.267846 0.092382 0.474505 0.165267
0.377025 0.089982 0.424415 0.108578
0.339232 0.117277 0.439112 0.104379
0.119976 0.233953 0.455009 0.191062
0.303239 0.184163 0.185063 0.327534
0.160468 0.191962 0.532693 0.114877
0.245951 0.205459 0.216857 0.331734
0.119976 0.278644 0.461608 0.139772
0.128974 0.434913 0.188662 0.247451
0.247750 0.303539 0.264247 0.184463
0.282244 0.248950 0.222256 0.246551
0.302040 0.208458 0.215957 0.273545
0.278344 0.209958 0.238152 0.273545
0.274745 0.218956 0.232454 0.273845

MOTIF TN5_2
letter-probability matrix: alength= 4 w= 30 nsites= 200
0.198253 0.324050 0.237196 0.240500
0.286523 0.196837 0.240500 0.276139
0.203210 0.235780 0.433089 0.127921
0.161671 0.360869 0.235780 0.241680
0.221619 0.315317 0.231768 0.231296
0.110692 0.585792 0.124852 0.178664
0.418692 0.123436 0.114232 0.343639
0.190465 0.184801 0.535048 0.089686
0.205806 0.231060 0.269058 0.294076
0.237432 0.305877 0.318386 0.138305
0.042011 0.739438 0.083314 0.135237
0.248053 0.178664 0.047911 0.525372
0.203682 0.277083 0.379986 0.139249
0.314137 0.080481 0.179844 0.425537
0.127449 0.061128 0.785225 0.026198
0.059240 0.632051 0.193061 0.115648
0.479585 0.187633 0.120604 0.212178
0.021713 0.798678 0.115884 0.063724
0.428133 0.044371 0.047439 0.480057
0.039651 0.058296 0.881992 0.020061
0.115648 0.289828 0.194477 0.400047
0.193061 0.314137 0.314373 0.178428
0.078593 0.551806 0.101015 0.268586
0.354024 0.165683 0.157895 0.322398
0.306113 0.130753 0.424593 0.138541
0.281803 0.190465 0.342223 0.185509
0.250413 0.237904 0.330186 0.181496
0.165683 0.373141 0.230588 0.230588
0.259854 0.257494 0.213831 0.268822
0.225395 0.253953 0.290300 0.230352

MOTIF TN5_1
letter-probability matrix: alength= 4 w= 30 nsites= 200
0.268864 0.232645 0.274132 0.224359
0.257501 0.244304 0.245547 0.252648
0.273717 0.236788 0.236314 0.253181
0.240575 0.254128 0.252530 0.252767
0.228088 0.236847 0.274132 0.260934
0.228561 0.230869 0.355152 0.185418
0.210511 0.327750 0.264071 0.197668
0.258922 0.270166 0.228739 0.242173
0.178434 0.382198 0.202640 0.236728
0.317334 0.179973 0.227496 0.275197
0.188140 0.187311 0.488312 0.136237
0.180091 0.305735 0.238267 0.275907
0.195478 0.359531 0.196011 0.248979
0.131621 0.434278 0.126413 0.307688
0.371427 0.142984 0.139847 0.345742
0.242469 0.117950 0.507960 0.131621
0.225602 0.249512 0.325146 0.199740
0.398296 0.200923 0.240279 0.160502
0.101320 0.675268 0.110138 0.113275
0.324140 0.140498 0.109605 0.425756
0.127893 0.121146 0.645085 0.105877
0.217790 0.229390 0.212464 0.340356
0.164763 0.263064 0.362727 0.209445
0.132035 0.495532 0.148725 0.223708
0.318636 0.242292 0.201693 0.237379
0.280405 0.209505 0.306090 0.204001
0.272356 0.226135 0.261052 0.240457
0.268095 0.222347 0.280405 0.229153
0.209445 0.278629 0.258685 0.253240
0.263952 0.240930 0.233888 0.261230

MOTIF PDX1_HUMAN.H11MO.0.A
letter-probability matrix: alength= 4 w= 9 nsites= 200
0.19231	0.00405	0.03036	0.77328
0.07692	0.02632	0.85830	0.03846
0.95344	0.01822	0.00405	0.02429
0.02834	0.14980	0.06275	0.75911
0.18016	0.01417	0.14575	0.65992
0.16194	0.06478	0.75304	0.02024
0.89271	0.06073	0.03441	0.01215
0.05668	0.06478	0.15587	0.72267
0.06883	0.07692	0.56275	0.29150
URL none

MOTIF FOXA2_HUMAN.H11MO.0.A
letter-probability matrix: alength= 4 w= 12 nsites= 200
0.01600	0.00000	0.00200	0.98200
0.19600	0.00200	0.80000	0.00200
0.00000	0.00400	0.00000	0.99600
0.00200	0.00000	0.04400	0.95400
0.00000	0.00000	0.14400	0.85600
0.75800	0.00000	0.23600	0.00600
0.00800	0.88800	0.00200	0.10200
0.40200	0.12200	0.00000	0.47600
0.04400	0.41000	0.12000	0.42600
0.56400	0.00800	0.04000	0.38800
0.19000	0.09600	0.55000	0.16400
0.12800	0.35800	0.28200	0.23200
URL none

MOTIF MAFB_HUMAN.H11MO.0.B
letter-probability matrix: alength= 4 w= 11 nsites= 200
0.09937	0.02326	0.06131	0.81607
0.00634	0.05708	0.90063	0.03594
0.06554	0.90275	0.01480	0.01691
0.08034	0.00634	0.00000	0.91332
0.03594	0.02114	0.85412	0.08879
0.82241	0.02326	0.05497	0.09937
0.10782	0.44820	0.31078	0.13319
0.20085	0.14376	0.09514	0.56025
0.17336	0.41861	0.16068	0.24736
0.44820	0.14165	0.18816	0.22199
0.23890	0.10571	0.43340	0.22199
URL none

MOTIF NKX61_HUMAN.H11MO.0.B
letter-probability matrix: alength= 4 w= 19 nsites= 200
0.24400	0.11800	0.52600	0.11200
0.70600	0.08800	0.15000	0.05600
0.16800	0.27000	0.09200	0.47000
0.31200	0.05000	0.11800	0.52000
0.60800	0.06000	0.26600	0.06600
0.98600	0.00200	0.00800	0.00400
0.03000	0.04600	0.12400	0.80000
0.04200	0.09200	0.56000	0.30600
0.37800	0.07400	0.40000	0.14800
0.12600	0.33600	0.43200	0.10600
0.33400	0.21600	0.15800	0.29200
0.46000	0.06000	0.10600	0.37400
0.39000	0.05600	0.04200	0.51200
0.29800	0.05600	0.04800	0.59800
0.13800	0.10400	0.05200	0.70600
0.59600	0.10800	0.25400	0.04200
0.98000	0.00000	0.01400	0.00600
0.12600	0.03000	0.07000	0.77400
0.15400	0.09200	0.39800	0.35600
URL none
